1.645161290322580516e+00 1.161458333333333259e+00
1.645161290322580516e+00 1.593750000000000000e+00
1.350806451612903025e+00 1.921875000000000000e+00
1.375000000000000000e+00 2.182291666666666519e+00
1.685483870967741993e+00 1.937500000000000000e+00
1.608870967741935498e+00 2.552083333333333037e+00
1.685483870967741993e+00 2.697916666666666519e+00
1.762096774193548487e+00 2.567708333333333037e+00
1.830645161290322509e+00 1.973958333333333259e+00
1.895161290322580516e+00 2.750000000000000000e+00
1.951612903225806495e+00 2.848958333333333037e+00
2.012096774193548487e+00 2.760416666666666519e+00
1.991935483870967527e+00 1.994791666666666519e+00
2.112903225806451513e+00 2.630208333333333037e+00
2.201612903225806495e+00 2.734375000000000000e+00
2.254032258064516014e+00 2.604166666666666519e+00
2.149193548387096531e+00 1.953125000000000000e+00
2.306451612903225534e+00 2.369791666666666519e+00
2.391129032258064502e+00 2.369791666666666519e+00
2.415322580645161032e+00 2.187500000000000000e+00
2.173387096774193505e+00 1.703125000000000000e+00
2.077822580645161565e+00 1.166666666666666519e+00
